0.22330888345558272
0.6903015484922576
0.4971475142624287
0.4409127954360228
0.25998370008149957
0.46047269763651183
0.6707416462917686
0.08638956805215973
0.8149959250203749
0.11572942135289324
0.4311328443357783
0.05460472697636512
0.14751426242868787
0.09861450692746536
0.07171964140179299
0.5069274653626732
0.6462917685411573
0.5729421352893236
0.032599837000814993
0.6854115729421353
0.39445802770986144
0.2844335778321108
0.973920130399348
0.4531377343113284
0.5167074164629177
0.8516707416462918
0.8859005704971475
0.6047269763651182
0.700081499592502
0.7025264873675632
0.7538712306438468
0.8321108394458028
0.4751426242868786
0.9788101059494703
0.5558272208638957
0.6731866340668297
0.13773431132844335
0.8932355338223309
0.758761206193969
0.93480032599837
0.6316218418907905
0.26487367563162184
0.563162184189079
0.8272208638956805
0.3724531377343113
0.8223308883455582
0.2697636511817441
0.6658516707416463
0.9837000814995925
0.658516707416463
0.8296658516707417
0.42379788101059496
0.9005704971475142
0.9127954360228199
0.16951915240423798
0.560717196414018
0.7758761206193969
0.29421352893235536
0.17929910350448247
0.7660961695191524
0.08883455582722087
0.8663406682966586
0.19396903015484923
0.07416462917685411
0.5582722086389568
0.7245313773431132
0.21597392013039934
0.5362673186634067
0.2624286878565607
0.5118174409127955
0.7489812550937245
0.7294213528932355
0.3186634066829666
0.6927465362673186
0.5484922575387123
0.5191524042379788
0.9030154849225754
0.9641401792991035
0.24775876120619397
0.20374898125509372
0.2795436022819886
0.8712306438467807
0.29665851670741644
0.2306438467807661
0.8443357783211084
0.7318663406682967
0.3700081499592502
0.7709861450692747
0.1915240423797881
0.022819885900570498
0.4800325998370008
0.08149959250203749
0.7123064384678076
0.9592502037489813
0.14506927465362673
0.04726976365118175
0.993480032599837
0.8638956805215974
0.1426242868785656
0.9959250203748982
0.9152404237978811
0.2208638956805216
0.6389568052159739
0.4189079054604727
0.797881010594947
0.756316218418908
0.8834555827220864
0.5533822330888346
0.6218418907905461
0.059494702526487364
0.2502037489812551
0.25509372453137735
0.35778321108394456
0.5142624286878565
0.8003259983700082
0.8076609616951915
0.9616951915240424
0.19641401792991034
0.12550937245313773
0.6365118174409128
0.36756316218418905
0.7196414017929911
0.1132844335778321
0.3797881010594947
0.9763651181744091
0.5044824775876121
0.5949470252648736
0.49470252648736757
0.3895680521597392
0.1817440912795436
0.8174409127954361
0.16707416462917685
0.5093724531377343
0.6976365118174409
0.6511817440912795
0.6756316218418907
0.189079054604727
0.9714751426242869
0.40179299103504484
0.4384678076609617
0.20863895680521596
0.3822330888345558
0.027709861450692746
0.582722086389568
0.23797881010594946
0.9983700081499592
0.9665851670741646
0.2991035044824776
0.28198859005704974
0.9225753871230644
0.37489812550937246
0.8736756316218419
0.3480032599837001
0.30888345558272207
0.4873675631621842
0.23553382233088835
0.9470252648736757
0.8883455582722086
0.6560717196414018
0.778321108394458
0.34555827220863894
0.2575387123064385
0.4091279543602282
0.5925020374898126
0.44335778321108393
0.3113284433577832
0.5387123064384678
0.31377343113284434
0.5900570497147515
0.3920130399348003
0.2330888345558272
0.895680521597392
0.8101059494702526
0.013039934800325998
0.27465362673186633
0.7685411572942136
0.1401792991035045
0.9445802770986145
0.837000814995925
0.5778321108394459
0.13528932355338225
0.8418907905460473
0.680521597392013
0.2917685411572942
0.12795436022819887
0.6878565607171964
0.44580277098614507
0.36267318663406684
0.6169519152404238
0.9568052159739201
0.09372453137734311
0.9690301548492257
0.3504482477587612
0.3602281988590057
0.5656071719641402
0.8785656071719642
0.45069274653626734
0.46536267318663405
0.7734311328443357
0.24286878565607173
0.10105949470252648
0.12306438467807661
0.5851670741646292
0.2893235533822331
0.07660961695191525
0.6096169519152405
0.8027709861450693
0.8590057049714751
0.03993480032599837
0.8394458027709861
0.6291768541157294
0.21352893235533824
0.4849225753871231
0.18418907905460472
0.8687856560717196
0.24531377343113284
0.15240423797881011
0.2013039934800326
0.22819885900570497
0.7929910350448248
0.6536267318663407
0.7269763651181744
0.267318663406683
0.6145069274653626
0.9054604726976365
0.015484922575387123
0.32599837000814996
0.8467807660961695
0.7832110839445803
0.4482477587612062
0.41401792991035047
0.6951915240423798
0.5998370008149959
0.5973920130399348
0.5460472697636511
0.4678076609616952
0.8247758761206194
0.3211083944580277
0.7440912795436023
0.6267318663406682
0.1621841890790546
0.40668296658516706
0.541157294213529
0.36511817440912797
0.6682966585167074
0.03504482477587612
0.7367563162184189
0.47269763651181745
0.9274653626731867
0.47758761206193967
0.03015484922575387
0.6340668296658517
0.3162184189079055
0.6414017929910351
0.4702526487367563
0.876120619396903
0.3993480032599837
0.3871230643846781
0.13039934800325997
0.73920130399348
0.5240423797881011
0.0057049714751426246
0.12061939690301549
0.5338223308883455
0.2110839445802771
0.43357783211083945
0.10594947025264874
0.22575387123064386
0.7416462917685411
0.5753871230643847
0.08394458027709861
0.7636511817440913
0.037489812550937245
0.7881010594947025
0.5509372453137734
0.5704971475142624
0.9812550937245313
0.6071719641401793
0.7514262428687857
0.7807660961695192
0.39690301548492257
0.33577832110839445
0.05215973920130399
0.09616951915240424
0.020374898125509373
0.4286878565607172
0.0032599837000814994
0.06927465362673187
0.45558272208638956
0.5680521597392013
0.9299103504482478
0.5289323553382234
0.10839445802770986
0.27709861450692747
0.8198859005704972
0.21841890790546048
0.5876120619396903
0.3406682966585167
0.15484922575387122
0.2526487367563162
0.306438467807661
0.4360228198859006
0.15729421352893236
0.30399348003259985
0.38467807660961695
0.07905460472697637
0.660961695191524
0.8810105949470253
0.5020374898125509
0.5436022819885901
0.41646291768541155
0.7465362673186634
0.6780766096169519
0.2404237978810106
0.04971475142624287
0.04482477587612062
0.9421352893235534
0.7856560717196414
0.49959250203748984
0.49225753871230643
0.3382233088834556
0.10350448247758762
0.17440912795436023
0.6634066829665851
0.9323553382233088
0.5802770986145069
0.18663406682966585
0.9201303993480032
0.3235533822330888
0.7954360228198859
0.7049714751426243
0.8052159739201304
0.9103504482477588
0.11817440912795436
0.48247758761206194
0.1328443357783211
0.7905460472697636
0.6022819885900571
0.6487367563162184
0.6242868785656072
0.11083944580277098
0.3284433577832111
0.8981255093724532
0.8614506927465363
0.09127954360228199
0.9176854115729421
0.2722086389568052
0.7171964140179299
0.06193969030154849
0.3015484922575387
0.3333333333333333
0.0008149959250203749
0.017929910350448247
0.3773431132844336
0.9250203748981255
0.4262428687856561
0.9519152404237978
0.9910350448247759
0.8125509372453138
0.06438467807660962
0.35289323553382235
0.41157294213528933
0.6438467807660961
0.5215973920130399
0.954360228198859
0.042379788101059496
0.8907905460472698
0.7074164629176855
0.856560717196414
0.9885900570497147
0.7612061939690301
0.9861450692746536
0.7098614506927465
0.9079054604726976
0.06682966585167074
0.4042379788101059
0.4898125509372453
0.28687856560717195
0.02526487367563162
0.5313773431132844
0.15973920130399347
0.3553382233088835
0.46291768541157297
0.7220863895680522
0.16462917685411574
0.4580277098614507
0.6193969030154849
0.008149959250203748
0.1719641401792991
0.6120619396903015
0.8541157294213529
0.9372453137734311
0.6829665851670742
0.34311328443357786
0.20619396903015486
0.33088834555827223
0.9494702526487367
0.9396903015484923
0.7343113284433578
0.4213528932355338
0.8492257538712307
0.8345558272208639
0.5264873675631622
0.05704971475142624
0.19885900570497148
0.17685411572942136
0.7147514262428688
0.010594947025264874
0.22330888345558272
0.6903015484922576
0.4971475142624287
0.4409127954360228
0.25998370008149957
0.46047269763651183
0.6707416462917686
0.08638956805215973
0.8149959250203749
0.11572942135289324
0.4311328443357783
0.05460472697636512
0.14751426242868787
0.09861450692746536
0.07171964140179299
0.5069274653626732
0.6462917685411573
0.5729421352893236
0.032599837000814993
0.6854115729421353
0.39445802770986144
0.2844335778321108
0.973920130399348
0.4531377343113284
0.5167074164629177
0.8516707416462918
0.8859005704971475
0.6047269763651182
0.700081499592502
0.7025264873675632
0.7538712306438468
0.8321108394458028
0.4751426242868786
0.9788101059494703
0.5558272208638957
0.6731866340668297
0.13773431132844335
0.8932355338223309
0.758761206193969
0.93480032599837
0.6316218418907905
0.26487367563162184
0.563162184189079
0.8272208638956805
0.3724531377343113
0.8223308883455582
0.2697636511817441
0.6658516707416463
0.9837000814995925
0.658516707416463
0.8296658516707417
0.42379788101059496
0.9005704971475142
0.9127954360228199
0.16951915240423798
0.560717196414018
0.7758761206193969
0.29421352893235536
0.17929910350448247
0.7660961695191524
0.08883455582722087
0.8663406682966586
0.19396903015484923
0.07416462917685411
0.5582722086389568
0.7245313773431132
0.21597392013039934
0.5362673186634067
0.2624286878565607
0.5118174409127955
0.7489812550937245
0.7294213528932355
0.3186634066829666
0.6927465362673186
0.5484922575387123
0.5191524042379788
0.9030154849225754
0.9641401792991035
0.24775876120619397
0.20374898125509372
0.2795436022819886
0.8712306438467807
0.29665851670741644
0.2306438467807661
0.8443357783211084
0.7318663406682967
0.3700081499592502
0.7709861450692747
0.1915240423797881
0.022819885900570498
0.4800325998370008
0.08149959250203749
0.7123064384678076
0.9592502037489813
0.14506927465362673
0.04726976365118175
0.993480032599837
0.8638956805215974
0.1426242868785656
0.9959250203748982
0.9152404237978811
0.2208638956805216
0.6389568052159739
0.4189079054604727
0.797881010594947
0.756316218418908
0.8834555827220864
0.5533822330888346
0.6218418907905461
0.059494702526487364
0.2502037489812551
0.25509372453137735
0.35778321108394456
0.5142624286878565
0.8003259983700082
0.8076609616951915
0.9616951915240424
0.19641401792991034
0.12550937245313773
0.6365118174409128
0.36756316218418905
0.7196414017929911
0.1132844335778321
0.3797881010594947
0.9763651181744091
0.5044824775876121
0.5949470252648736
0.49470252648736757
0.3895680521597392
0.1817440912795436
0.8174409127954361
0.16707416462917685
0.5093724531377343
0.6976365118174409
0.6511817440912795
0.6756316218418907
0.189079054604727
0.9714751426242869
0.40179299103504484
0.4384678076609617
0.20863895680521596
0.3822330888345558
0.027709861450692746
0.582722086389568
0.23797881010594946
0.9983700081499592
0.9665851670741646
0.2991035044824776
0.28198859005704974
0.9225753871230644
0.37489812550937246
0.8736756316218419
0.3480032599837001
0.30888345558272207
0.4873675631621842
0.23553382233088835
0.9470252648736757
0.8883455582722086
0.6560717196414018
0.778321108394458
0.34555827220863894
0.2575387123064385
0.4091279543602282
0.5925020374898126
0.44335778321108393
0.3113284433577832
0.5387123064384678
0.31377343113284434
0.5900570497147515
0.3920130399348003
0.2330888345558272
0.895680521597392
0.8101059494702526
0.013039934800325998
0.27465362673186633
0.7685411572942136
0.1401792991035045
0.9445802770986145
0.837000814995925
0.5778321108394459
0.13528932355338225
0.8418907905460473
0.680521597392013
0.2917685411572942
0.12795436022819887
0.6878565607171964
0.44580277098614507
0.36267318663406684
0.6169519152404238
0.9568052159739201
0.09372453137734311
0.9690301548492257
0.3504482477587612
0.3602281988590057
0.5656071719641402
0.8785656071719642
0.45069274653626734
0.46536267318663405
0.7734311328443357
0.24286878565607173
0.10105949470252648
0.12306438467807661
0.5851670741646292
0.2893235533822331
0.07660961695191525
0.6096169519152405
0.8027709861450693
0.8590057049714751
0.03993480032599837
0.8394458027709861
0.6291768541157294
0.21352893235533824
0.4849225753871231
0.18418907905460472
0.8687856560717196
0.24531377343113284
0.15240423797881011
0.2013039934800326
0.22819885900570497
0.7929910350448248
0.6536267318663407
0.7269763651181744
0.267318663406683
0.6145069274653626
0.9054604726976365
0.015484922575387123
0.32599837000814996
0.8467807660961695
0.7832110839445803
0.4482477587612062
0.41401792991035047
0.6951915240423798
0.5998370008149959
0.5973920130399348
0.5460472697636511
0.4678076609616952
0.8247758761206194
0.3211083944580277
0.7440912795436023
0.6267318663406682
0.1621841890790546
0.40668296658516706
0.541157294213529
0.36511817440912797
0.6682966585167074
0.03504482477587612
0.7367563162184189
0.47269763651181745
0.9274653626731867
0.47758761206193967
0.03015484922575387
0.6340668296658517
0.3162184189079055
0.6414017929910351
0.4702526487367563
0.876120619396903
0.3993480032599837
0.3871230643846781
0.13039934800325997
0.73920130399348
0.5240423797881011
0.0057049714751426246
0.12061939690301549
0.5338223308883455
0.2110839445802771
0.43357783211083945
0.10594947025264874
0.22575387123064386
0.7416462917685411
0.5753871230643847
0.08394458027709861
0.7636511817440913
0.037489812550937245
0.7881010594947025
0.5509372453137734
0.5704971475142624
0.9812550937245313
0.6071719641401793
0.7514262428687857
0.7807660961695192
0.39690301548492257
0.33577832110839445
0.05215973920130399
0.09616951915240424
0.020374898125509373
0.4286878565607172
0.0032599837000814994
0.06927465362673187
0.45558272208638956
0.5680521597392013
0.9299103504482478
0.5289323553382234
0.10839445802770986
0.27709861450692747
0.8198859005704972
0.21841890790546048
0.5876120619396903
0.3406682966585167
0.15484922575387122
0.2526487367563162
0.306438467807661
0.4360228198859006
0.15729421352893236
0.30399348003259985
0.38467807660961695
0.07905460472697637
0.660961695191524
0.8810105949470253
0.5020374898125509
0.5436022819885901
0.41646291768541155
0.7465362673186634
0.6780766096169519
0.2404237978810106
0.04971475142624287
0.04482477587612062
0.9421352893235534
0.7856560717196414
0.49959250203748984
0.49225753871230643
0.3382233088834556
0.10350448247758762
0.17440912795436023
0.6634066829665851
0.9323553382233088
0.5802770986145069
0.18663406682966585
0.9201303993480032
0.3235533822330888
0.7954360228198859
0.7049714751426243
0.8052159739201304
0.9103504482477588
0.11817440912795436
0.48247758761206194
0.1328443357783211
0.7905460472697636
0.6022819885900571
0.6487367563162184
0.6242868785656072
0.11083944580277098
0.3284433577832111
0.8981255093724532
0.8614506927465363
0.09127954360228199
0.9176854115729421
0.2722086389568052
0.7171964140179299
0.06193969030154849
0.3015484922575387
0.3333333333333333
0.0008149959250203749
0.017929910350448247
0.3773431132844336
0.9250203748981255
0.4262428687856561
0.9519152404237978
0.9910350448247759
0.8125509372453138
0.06438467807660962
0.35289323553382235
0.41157294213528933
0.6438467807660961
0.5215973920130399
0.954360228198859
0.042379788101059496
0.8907905460472698
0.7074164629176855
0.856560717196414
0.9885900570497147
0.7612061939690301
0.9861450692746536
0.7098614506927465
0.9079054604726976
0.06682966585167074
0.4042379788101059
0.4898125509372453
0.28687856560717195
0.02526487367563162
0.5313773431132844
0.15973920130399347
0.3553382233088835
0.46291768541157297
0.7220863895680522
0.16462917685411574
0.4580277098614507
0.6193969030154849
0.008149959250203748
0.1719641401792991
0.6120619396903015
0.8541157294213529
0.9372453137734311
0.6829665851670742
0.34311328443357786
0.20619396903015486
0.33088834555827223
0.9494702526487367
0.9396903015484923
0.7343113284433578
0.4213528932355338
0.8492257538712307
0.8345558272208639
0.5264873675631622
0.05704971475142624
0.19885900570497148
0.17685411572942136
0.7147514262428688
0.010594947025264874
0.22330888345558272
0.6903015484922576
0.4971475142624287
0.4409127954360228
0.25998370008149957
0.46047269763651183
0.6707416462917686
0.08638956805215973
0.8149959250203749
0.11572942135289324
0.4311328443357783
0.05460472697636512
0.14751426242868787
0.09861450692746536
0.07171964140179299
0.5069274653626732
0.6462917685411573
0.5729421352893236
0.032599837000814993
0.6854115729421353
0.39445802770986144
0.2844335778321108
0.973920130399348
0.4531377343113284
0.5167074164629177
0.8516707416462918
0.8859005704971475
0.6047269763651182
0.700081499592502
0.7025264873675632
0.7538712306438468
0.8321108394458028
0.4751426242868786
0.9788101059494703
0.5558272208638957
0.6731866340668297
0.13773431132844335
0.8932355338223309
0.758761206193969
0.93480032599837
0.6316218418907905
0.26487367563162184
0.563162184189079
0.8272208638956805
0.3724531377343113
0.8223308883455582
0.2697636511817441
0.6658516707416463
0.9837000814995925
0.658516707416463
0.8296658516707417
0.42379788101059496
0.9005704971475142
0.9127954360228199
0.16951915240423798
0.560717196414018
0.7758761206193969
0.29421352893235536
0.17929910350448247
0.7660961695191524
0.08883455582722087
0.8663406682966586
0.19396903015484923
0.07416462917685411
0.5582722086389568
0.7245313773431132
0.21597392013039934
0.5362673186634067
0.2624286878565607
0.5118174409127955
0.7489812550937245
0.7294213528932355
0.3186634066829666
0.6927465362673186
0.5484922575387123
0.5191524042379788
0.9030154849225754
0.9641401792991035
0.24775876120619397
0.20374898125509372
0.2795436022819886
0.8712306438467807
0.29665851670741644
0.2306438467807661
0.8443357783211084
0.7318663406682967
0.3700081499592502
0.7709861450692747
0.1915240423797881
0.022819885900570498
0.4800325998370008
0.08149959250203749
0.7123064384678076
0.9592502037489813
0.14506927465362673
0.04726976365118175
0.993480032599837
0.8638956805215974
0.1426242868785656
0.9959250203748982
0.9152404237978811
0.2208638956805216
0.6389568052159739
0.4189079054604727
0.797881010594947
0.756316218418908
0.8834555827220864
0.5533822330888346
0.6218418907905461
0.059494702526487364
0.2502037489812551
0.25509372453137735
0.35778321108394456
0.5142624286878565
0.8003259983700082
0.8076609616951915
0.9616951915240424
0.19641401792991034
0.12550937245313773
0.6365118174409128
0.36756316218418905
0.7196414017929911
0.1132844335778321
0.3797881010594947
0.9763651181744091
0.5044824775876121
0.5949470252648736
0.49470252648736757
0.3895680521597392
0.1817440912795436
0.8174409127954361
0.16707416462917685
0.5093724531377343
0.6976365118174409
0.6511817440912795
0.6756316218418907
0.189079054604727
0.9714751426242869
0.40179299103504484
0.4384678076609617
0.20863895680521596
0.3822330888345558
0.027709861450692746
0.582722086389568
0.23797881010594946
0.9983700081499592
0.9665851670741646
0.2991035044824776
0.28198859005704974
0.9225753871230644
0.37489812550937246
0.8736756316218419
0.3480032599837001
0.30888345558272207
0.4873675631621842
0.23553382233088835
0.9470252648736757
0.8883455582722086
0.6560717196414018
0.778321108394458
0.34555827220863894
0.2575387123064385
0.4091279543602282
0.5925020374898126
0.44335778321108393
0.3113284433577832
0.5387123064384678
0.31377343113284434
0.5900570497147515
0.3920130399348003
0.2330888345558272
0.895680521597392
0.8101059494702526
0.013039934800325998
0.27465362673186633
0.7685411572942136
0.1401792991035045
0.9445802770986145
0.837000814995925
0.5778321108394459
0.13528932355338225
0.8418907905460473
0.680521597392013
0.2917685411572942